{
  "description": "Sparse eigenvalue decomposition (eigsh, largest 3) from scipy",
  "sklearn_version": "1.7.2",
  "random_state": 42,
  "input": {
    "matrix": [
      [
        19.40866988351773,
        2.2370166780449243,
        -2.8863366650268056,
        -3.4362135396073596,
        3.152386130560642,
        3.3643194712438618,
        -0.3012702263660696,
        -2.6733201768816346,
        -1.2163337271345438,
        0.9597433855547529,
        0.983789706450602,
        -3.3814945714577567,
        -6.48340965028693,
        1.7125635374509662,
        1.7196589172234693,
        6.260385356629543,
        -0.06534136252109174,
        -1.295287892454177,
        0.6512766981475516,
        0.8086606082776061
      ],
      [
        2.2370166780449243,
        17.248988507459437,
        -0.15146800141492311,
        -2.158751286663564,
        -0.3888542268738687,
        -1.6787103593304424,
        -3.638846430363289,
        0.6719413010912435,
        2.938362396182964,
        -0.756432317782232,
        0.7839165136709376,
        -2.6212856657468246,
        -2.173914749063444,
        -1.442552822396015,
        5.525999742962378,
        3.776514125413086,
        0.760569275229819,
        1.5172110259193905,
        1.8516805329694772,
        -7.468492921518259
      ],
      [
        -2.8863366650268056,
        -0.15146800141492311,
        15.015361529119872,
        -1.8842839679179622,
        0.19114025251044278,
        0.48722775880670915,
        1.957377007135044,
        2.7454624217408194,
        -0.20720502224956763,
        1.7224443323791085,
        -0.4091087252335314,
        1.545631767404297,
        -2.931735068417957,
        -3.831176364740044,
        -1.3993548444123325,
        -5.24852351444637,
        1.2133800329872069,
        -1.6034529709044547,
        -8.338246619148675,
        0.27986492744944286
      ],
      [
        -3.4362135396073596,
        -2.158751286663564,
        -1.8842839679179622,
        15.753755441871185,
        -1.499053735156291,
        0.916709963373758,
        3.8386768164301404,
        3.7408034025402217,
        0.24651715973734903,
        -3.1358065918129907,
        -1.1635547413877083,
        0.1921558487690066,
        1.7045275679479006,
        4.165770101904724,
        -5.095595837662652,
        -6.267213223471323,
        -1.5509476803113338,
        1.0760189485952043,
        2.119795850256259,
        0.7322472497791332
      ],
      [
        3.152386130560642,
        -0.3888542268738687,
        0.19114025251044278,
        -1.499053735156291,
        17.545450680160044,
        1.7103542701555265,
        -2.947043597738394,
        1.151624392551985,
        -3.2255868151576075,
        4.453045552573819,
        -0.42858970910318855,
        2.481868325040447,
        -1.5531726608424505,
        -1.411642680467594,
        0.1757460031189502,
        3.4726774287441993,
        1.4044003765182675,
        -6.7786698893975466,
        -0.12963741484879046,
        -2.0756322498625335
      ],
      [
        3.3643194712438618,
        -1.6787103593304424,
        0.48722775880670915,
        0.916709963373758,
        1.7103542701555265,
        18.775447092383118,
        3.237918611664815,
        1.591464565218057,
        -1.822296253223148,
        -4.336301643726557,
        5.404669351548918,
        -8.334733796247928,
        3.013533184317562,
        -3.273863713439395,
        -1.8230889433711281,
        -4.519164644103396,
        4.060863218719891,
        -4.870390499013544,
        -1.0823493980596468,
        4.845914022486478
      ],
      [
        -0.3012702263660696,
        -3.638846430363289,
        1.957377007135044,
        3.8386768164301404,
        -2.947043597738394,
        3.237918611664815,
        32.59544588285787,
        -7.859229554824657,
        4.18512389859061,
        3.019814173440954,
        0.17168296722343004,
        -0.16134097484222915,
        -8.633464363733816,
        -1.3922125759324933,
        -1.680383737934045,
        -9.730211937226706,
        4.867455514031722,
        -3.845900292670586,
        -6.1218490816852436,
        -3.7109337379187806
      ],
      [
        -2.6733201768816346,
        0.6719413010912435,
        2.7454624217408194,
        3.7408034025402217,
        1.151624392551985,
        1.591464565218057,
        -7.859229554824657,
        23.060476206587495,
        -4.087377422860873,
        -2.415485155030875,
        5.601659190324337,
        -4.597795185180245,
        5.273984600548515,
        -3.940200091195911,
        -0.17611383126548316,
        -2.4129830806170283,
        -6.3940290504021196,
        -2.044381026421182,
        -3.8435633861629026,
        5.169303679471118
      ],
      [
        -1.2163337271345438,
        2.938362396182964,
        -0.20720502224956763,
        0.24651715973734903,
        -3.2255868151576075,
        -1.822296253223148,
        4.18512389859061,
        -4.087377422860873,
        20.837672831748378,
        -5.042284414239788,
        -3.5982544743780256,
        0.8395881597947197,
        2.117582071994494,
        -4.174467647432526,
        5.965574336625271,
        -0.9965244554576174,
        0.471112611588467,
        3.433762984697383,
        -1.759389742006166,
        -2.1480713656167434
      ],
      [
        0.9597433855547529,
        -0.756432317782232,
        1.7224443323791085,
        -3.1358065918129907,
        4.453045552573819,
        -4.336301643726557,
        3.019814173440954,
        -2.415485155030875,
        -5.042284414239788,
        24.727517151572027,
        2.9547240011181453,
        -2.8739140715936022,
        -14.060900532711173,
        -0.18880827266142242,
        -5.00109639187255,
        1.7455400211003038,
        5.442623972408862,
        -0.6319053899351652,
        1.224610199607275,
        -9.005117743477312
      ],
      [
        0.983789706450602,
        0.7839165136709376,
        -0.4091087252335314,
        -1.1635547413877083,
        -0.42858970910318855,
        5.404669351548918,
        0.17168296722343004,
        5.601659190324337,
        -3.5982544743780256,
        2.9547240011181453,
        21.33559270071859,
        -6.566726302629789,
        -8.000143851743843,
        -6.905453018784554,
        1.201889183211641,
        -4.386627234569088,
        -1.342072795276225,
        -3.20091892881603,
        -1.4497501156532795,
        2.0777878403073147
      ],
      [
        -3.3814945714577567,
        -2.6212856657468246,
        1.545631767404297,
        0.1921558487690066,
        2.481868325040447,
        -8.334733796247928,
        -0.16134097484222915,
        -4.597795185180245,
        0.8395881597947197,
        -2.8739140715936022,
        -6.566726302629789,
        28.09720273198768,
        -0.7420201125881495,
        4.2895111780807635,
        -1.2033635894893302,
        -1.662014429777002,
        -6.850143750829843,
        -0.34910084083366894,
        -4.190622064298773,
        4.594354694055529
      ],
      [
        -6.48340965028693,
        -2.173914749063444,
        -2.931735068417957,
        1.7045275679479006,
        -1.5531726608424505,
        3.013533184317562,
        -8.633464363733816,
        5.273984600548515,
        2.117582071994494,
        -14.060900532711173,
        -8.000143851743843,
        -0.7420201125881495,
        38.71765166486932,
        -1.4091885388273893,
        0.23847142128321827,
        4.87967598806621,
        -4.989963853798709,
        1.355150371281576,
        0.47587227561460216,
        5.663656718844976
      ],
      [
        1.7125635374509662,
        -1.442552822396015,
        -3.831176364740044,
        4.165770101904724,
        -1.411642680467594,
        -3.273863713439395,
        -1.3922125759324933,
        -3.940200091195911,
        -4.174467647432526,
        -0.18880827266142242,
        -6.905453018784554,
        4.2895111780807635,
        -1.4091885388273893,
        17.832168810240113,
        -8.052386537174305,
        2.5425067211795,
        -0.6715070917547337,
        0.941443811234054,
        9.838469780165672,
        2.117057364745583
      ],
      [
        1.7196589172234693,
        5.525999742962378,
        -1.3993548444123325,
        -5.095595837662652,
        0.1757460031189502,
        -1.8230889433711281,
        -1.680383737934045,
        -0.17611383126548316,
        5.965574336625271,
        -5.00109639187255,
        1.201889183211641,
        -1.2033635894893302,
        0.23847142128321827,
        -8.052386537174305,
        23.311155372812568,
        3.4677170757940137,
        -1.3298102248784769,
        -3.680913238983103,
        -3.945651117638064,
        -4.373435695373971
      ],
      [
        6.260385356629543,
        3.776514125413086,
        -5.24852351444637,
        -6.267213223471323,
        3.4726774287441993,
        -4.519164644103396,
        -9.730211937226706,
        -2.4129830806170283,
        -0.9965244554576174,
        1.7455400211003038,
        -4.386627234569088,
        -1.662014429777002,
        4.87967598806621,
        2.5425067211795,
        3.4677170757940137,
        25.890462060326385,
        1.332873184595129,
        0.30511713445996974,
        5.307812185075555,
        -5.144165373931327
      ],
      [
        -0.06534136252109174,
        0.760569275229819,
        1.2133800329872069,
        -1.5509476803113338,
        1.4044003765182675,
        4.060863218719891,
        4.867455514031722,
        -6.3940290504021196,
        0.471112611588467,
        5.442623972408862,
        -1.342072795276225,
        -6.850143750829843,
        -4.989963853798709,
        -0.6715070917547337,
        -1.3298102248784769,
        1.332873184595129,
        23.49143236041127,
        1.2196997021396812,
        -0.7258057114328835,
        -10.78802235689213
      ],
      [
        -1.295287892454177,
        1.5172110259193905,
        -1.6034529709044547,
        1.0760189485952043,
        -6.7786698893975466,
        -4.870390499013544,
        -3.845900292670586,
        -2.044381026421182,
        3.433762984697383,
        -0.6319053899351652,
        -3.20091892881603,
        -0.34910084083366894,
        1.355150371281576,
        0.941443811234054,
        -3.680913238983103,
        0.30511713445996974,
        1.2196997021396812,
        26.69826831064155,
        -1.7265661863256112,
        -3.3968750869844953
      ],
      [
        0.6512766981475516,
        1.8516805329694772,
        -8.338246619148675,
        2.119795850256259,
        -0.12963741484879046,
        -1.0823493980596468,
        -6.1218490816852436,
        -3.8435633861629026,
        -1.759389742006166,
        1.224610199607275,
        -1.4497501156532795,
        -4.190622064298773,
        0.47587227561460216,
        9.838469780165672,
        -3.945651117638064,
        5.307812185075555,
        -0.7258057114328835,
        -1.7265661863256112,
        27.25702315794972,
        -1.3659040285122457
      ],
      [
        0.8086606082776061,
        -7.468492921518259,
        0.27986492744944286,
        0.7322472497791332,
        -2.0756322498625335,
        4.845914022486478,
        -3.7109337379187806,
        5.169303679471118,
        -2.1480713656167434,
        -9.005117743477312,
        2.0777878403073147,
        4.594354694055529,
        5.663656718844976,
        2.117057364745583,
        -4.373435695373971,
        -5.144165373931327,
        -10.78802235689213,
        -3.3968750869844953,
        -1.3659040285122457,
        24.28831201707553
      ]
    ],
    "n": 20
  },
  "params": {
    "k": 3,
    "which": "LM"
  },
  "expected": {
    "eigenvalues": [
      64.723513869268,
      54.15780445543746,
      47.01516407885049
    ],
    "eigenvectors": [
      [
        -0.10754269602739204,
        0.14790894434845464,
        0.14087519955212865
      ],
      [
        -0.05354605904261069,
        0.19170402705550954,
        0.1895128644702827
      ],
      [
        -0.07250945010504527,
        -0.21521179902922766,
        0.02693399821421965
      ],
      [
        0.06549396572695189,
        -0.13522505045236385,
        -0.18709878514812578
      ],
      [
        -0.058777334764894766,
        0.08157935635541727,
        0.11694749451119463
      ],
      [
        0.005439963508963606,
        -0.21650387809213725,
        0.24225227477595593
      ],
      [
        -0.3647808915484072,
        -0.36871149091104605,
        -0.24979509951994633
      ],
      [
        0.21582634242808402,
        -0.18432082854551549,
        0.31014282064585474
      ],
      [
        0.015276788476524432,
        -0.025812397428038248,
        -0.04086294345204548
      ],
      [
        -0.40697650951354686,
        0.14074946854347825,
        -0.011288538399943574
      ],
      [
        -0.13233975580624277,
        -0.20035687348390147,
        0.34702601671134775
      ],
      [
        0.11844143364643807,
        -0.05452680749013409,
        -0.4667830390269742
      ],
      [
        0.6165453214567738,
        0.03340588359863152,
        0.07244679373755816
      ],
      [
        0.04971700077356112,
        0.20622647938653363,
        -0.3745761460531084
      ],
      [
        0.007195151349873523,
        0.05051037783175714,
        0.3333825138332234
      ],
      [
        0.07519809022412109,
        0.523327332071748,
        0.15169709824772284
      ],
      [
        -0.31052667854646543,
        0.11178486496728648,
        0.05737637730856504
      ],
      [
        0.041310080071569916,
        0.13587583938435246,
        -0.18589254666344535
      ],
      [
        0.053704469265609296,
        0.3936015401789554,
        -0.12098162556816783
      ],
      [
        0.32582271233289345,
        -0.2894442993792712,
        -0.0724676688574471
      ]
    ]
  }
}